885
693
130
347
617
930
123
821
298
168
816
29
309
543
915
282
616
68
92
659
311
668
346
803
531
742
855
82
67
437
622
949
976
498
243
131
751
488
137
239
531
24
743
681
916
441
227
245
498
519
410
808
220
881
446
602
904
319
983
632
277
231
323
706
588
432
104
875
594
735
637
922
386
355
825
119
214
930
172
282
229
212
631
947
455
631
791
90
932
777
952
211
349
404
796
226
882
404
383
170
186
548
599
150
31
452
191
358
751
967
283
401
385
421
540
925
470
557
868
406
795
768
203
696
843
475
483
577
449
49
375
125
593
326
821
920
862
733
192
742
300
633
913
934
566
542
146
315
743
20
792
415
699
673
399
95
346
488
253
957
302
726
601
375
508
196
528
165
99
137
206
738
58
135
845
941
199
697
681
815
179
708
296
106
79
592
32
336
865
12
999
487
678
321
810
682
249
806
171
731
585
529
636
339
848
603
485
404
134
134
206
450
707
435
943
392
590
156
616
275
438
938
40
10
841
443
972
532
354
733
221
598
592
901
709
660
918
694
661
31
248
24
803
569
82
337
722
914
515
715
92
691
924
690
516
298
681
425
283
537
792
77
380
67
213
369
878
546
542
791
831
854
242
464
783
444
681
278
642
237
961
551
24
289
609
409
399
246
310
328
364
32
354
462
771
165
367
573
821
963
217
799
875
433
441
876
278
274
711
46
142
49
661
865
203
499
804
165
280
276
666
337
263
278
657
239
744
43
1000
480
839
605
265
550
298
449
196
209
647
782
199
751
882
763
571
387
243
76
843
150
977
331
515
161
49
262
143
484
74
379
683
180
462
288
435
400
32
311
284
532
74
20
198
34
351
919
674
769
184
100
287
884
736
483
43
434
818
694
76
195
959
373
409
289
440
553
899
32
631
552
506
245
967
757
789
855
259
383
577
190
493
975
921
812
222
129
864
716
494
813
151
299
625
353
397
947
151
670
656
648
277
430
487
468
561
696
677
904
146
742
913
154
258
32
356
902
529
785
817
293
422
177
283
846
321
970
495
221
398
232
328
984
175
129
678
50
315
457
988
394
170
712
738
486
395
126
427
649
176
502
366
172
572
273
14
811
321
3
968
102
609
553
163
296
956
954
956
361
511
790
480
859
719
531
336
143
843
235
394
470
305
446
599
489
342
112
709
294
923
750
316
505
636
876
633
363
75
542
222
498
661
770
128
165
607
964
411
801
169
467
743
311
484
515
828
902
353
831
362
320
255
441
54
670
957
972
638
894
614
248
200
485
295
993
939
299
868
701
499
66
960
648
384
639
108
529
593
799
650
490
987
639
663
626
529
565
674
330
500
518
278
955
442
268
973
585
740
773
967
754
154
664
635
337
452
650
594
433
658
87
707
277
30
527
524
183
510
80
116
568
764
195
596
74
925
320
81
793
988
426
190
664
361
848
631
410
109
661
585
898
210
600
617
501
952
585
435
312
993
229
632
829
8
602
926
335
849
236
225
393
960
419
446
695
126
598
13
75
138
717
749
520
663
300
903
599
49
935
622
940
398
155
603
380
226
349
49
597
642
340
40
880
161
41
276
635
479
218
673
860
350
586
380
818
456
470
711
732
236
432
734
921
567
124
231
214
42
166
368
44
552
677
985
680
918
304
39
401
481
133
725
421
182
764
196
439
52
520
614
786
453
247
46
32
972
125
942
846
703
308
516
381
256
23
943
742
388
945
523
429
812
99
509
537
891
868
740
353
140
983
805
973
70
881
57
170
307
475
191
722
284
360
347
445
455
670
623
538
548
430
741
886
181
594
190
913
367
43
979
55
631
521
308
29
475
561
689
566
492
15
652
7
681
26
144
791
675
644
360
69
4
942
928
859
718
20
957
980
517
357
309
565
68
917
569
813
887
235
96
970
671
909
630
195
817
736
10
503
668
690
312
455
383
997
147
165
981
906
29
292
876
5
545
831
611
282
258
715
147
180
49
660
814
251
652
500
41
850
676
389
808
82
62
348
140
32
484
939
355
906
840
329
807
505
532
123
849
649
71
42
921
995
149
38
117
454
72
868
525
48
700
383
897
615
619
919
955
209
252
450
43
199
460
295
494
302
137
233
197
179
330
633
503
207
219
229
198
661
64
166
466
536
61
541
163
212
617
469
131
16
188
884
278
485
577
321
946
164
854
685
691
755
782
248
606
663
910
486
903
935
434
584
289
245
365
448
55
919
116
821
797
866
53
557
320
197
107
461
601
984
801
523
397
787
798
973
774
141
895
983
