347
617
821
29
659
311
67
131
751
137
239
743
227
881
983
277
229
631
947
631
211
349
383
599
31
191
751
967
283
401
421
557
577
449
593
821
733
743
673
601
137
941
199
179
79
487
443
733
709
661
31
569
337
691
283
67
409
367
821
433
661
499
337
263
239
43
839
449
647
199
751
571
977
331
379
683
311
919
769
43
373
409
631
967
757
383
577
151
353
397
947
151
277
487
677
293
283
457
811
3
163
859
719
599
709
661
607
467
743
311
353
701
499
593
773
967
337
433
277
631
109
661
617
229
829
419
13
599
349
41
479
673
677
401
421
439
23
523
509
353
983
881
307
191
347
181
367
43
631
521
29
7
859
569
887
503
383
997
29
5
251
41
389
71
149
383
619
919
43
199
137
233
197
179
503
229
661
61
541
163
617
131
577
691
919
821
797
53
557
197
107
461
601
523
397
787
983
